672 384
P 300 86 12 24
B 444 52 24 3
B 468 52 24 3
B 612 52 24 3
B 564 52 24 3
B 540 52 24 3
B 516 52 24 3
B 492 52 24 3
B 636 52 24 3
B 588 52 24 3
B 420 52 24 3
B 396 52 24 3
B 372 52 24 3
E 372 86 12 24
W 12 372 24 21
W 36 372 24 21
W 60 372 24 21
W 84 372 24 21
W 108 372 24 21
W 132 372 24 21
W 660 372 24 21
W 636 372 24 21
W 612 372 24 21
W 588 372 24 21
W 564 372 24 21
W 540 372 24 21
W 516 372 24 21
W 492 372 24 21
W 468 372 24 21
W 444 372 24 21
W 420 372 24 21
W 396 372 24 21
W 204 372 24 21
W 180 372 24 21
W 156 372 24 21
W 660 348 24 21
W 660 324 24 21
W 660 300 24 21
W 660 276 24 21
W 660 252 24 21
W 660 228 24 21
W 660 204 24 21
W 660 180 24 21
W 660 156 24 21
W 660 132 24 21
W 660 108 24 21
W 660 84 24 21
W 396 228 24 21
W 372 228 24 21
W 348 228 24 21
W 324 228 24 21
W 300 228 24 21
W 276 228 24 21
W 252 228 24 21
W 204 228 24 21
W 180 228 24 21
W 420 228 24 21
W 420 252 24 21
W 420 276 24 21
W 420 300 24 21
W 180 252 24 21
W 180 276 24 21
W 180 300 24 21
W 204 108 24 21
W 228 108 24 21
W 252 108 24 21
W 420 108 24 21
W 396 108 24 21
W 372 108 24 21
W 348 108 24 21
W 324 108 24 21
W 300 108 24 21
W 276 108 24 21
W 228 372 24 21
W 252 372 24 21
W 276 372 24 21
W 300 372 24 21
W 324 372 24 21
W 348 372 24 21
W 372 372 24 21
W 228 228 24 21
W 12 348 24 21
W 12 324 24 21
W 12 300 24 21
W 12 276 24 21
W 12 252 24 21
W 12 228 24 21
W 12 204 24 21
W 12 180 24 21
W 12 156 24 21
W 12 132 24 21
W 12 108 24 21
W 12 84 24 21
W 12 60 24 21
W 12 36 24 21
W 12 12 24 21
W 660 12 24 21
W 660 36 24 21
W 636 12 24 21
W 612 12 24 21
W 588 12 24 21
W 564 12 24 21
W 540 12 24 21
W 516 12 24 21
W 492 12 24 21
W 468 12 24 21
W 444 12 24 21
W 420 12 24 21
W 396 12 24 21
W 372 12 24 21
W 348 12 24 21
W 324 12 24 21
W 300 12 24 21
W 276 12 24 21
W 252 12 24 21
W 228 12 24 21
W 204 12 24 21
W 180 12 24 21
W 156 12 24 21
W 132 12 24 21
W 108 12 24 21
W 84 12 24 21
W 60 12 24 21
G 204 212 9 9
G 300 356 9 9
G 228 92 9 9
L 186 204 12 24
L 186 180 12 24
L 186 156 12 24
L 186 132 12 24
L 186 108 12 24
L 162 230 12 24
L 162 254 12 24
L 162 278 12 24
L 162 302 12 24
L 162 326 12 24
L 162 350 12 24
